%YAML:1.0
---
K: !!opencv-matrix
   rows: 3
   cols: 3
   dt: d
   data: [ 1.0215479162799190e+03, 0., 4.1848126922931073e+02, 0.,
       9.0040250262659117e+02, 2.1470305758696205e+02, 0., 0., 1. ]
D: !!opencv-matrix
   rows: 1
   cols: 5
   dt: d
   data: [ 1.0585086065519376e+00, 2.4849296983736240e+00,
       -4.7321110205504800e-02, 6.4565102021059606e-01,
       -3.2294284201009620e+00 ]
square_size: 2.
