%YAML:1.0
---
square-size: 2.5550000369548798e-02
margin: 6.8000000901520252e-03
K: !!opencv-matrix
   rows: 3
   cols: 3
   dt: d
   data: [ 5.9755929126294438e+02, 0., 3.1679156796142928e+02, 0.,
       5.9831033954399504e+02, 2.3871504691427702e+02, 0., 0., 1. ]
D: !!opencv-matrix
   rows: 1
   cols: 5
   dt: d
   data: [ -4.0086071518743445e-02, -4.6818268688736947e-01,
       2.3022335418104513e-05, 1.4152838091650813e-03,
       2.0519663694013954e+00 ]
Reprojection error: 3.3208814930728897e-01
