%YAML:1.0
---
square-size: 2.5550000369548798e-02
margin: 6.8000000901520252e-03
K: !!opencv-matrix
   rows: 3
   cols: 3
   dt: d
   data: [ 6.0228424300799611e+02, 0., 3.3702030290222689e+02, 0.,
       6.0494395827975643e+02, 2.2579872900845575e+02, 0., 0., 1. ]
D: !!opencv-matrix
   rows: 1
   cols: 5
   dt: d
   data: [ 3.9918417511107918e-02, -5.0571672756864923e-02,
       -1.3915665118531143e-03, -9.5556839198152419e-03,
       1.8644976087655338e-02 ]
Reprojection error: 3.3440271303522601e-01
K2 - centre: !!opencv-matrix
   rows: 3
   cols: 3
   dt: d
   data: [ 5.4269140421864415e+02, 0., 3.4022228084779698e+02, 0.,
       5.4465525856719228e+02, 2.2309609008663824e+02, 0., 0., 1. ]
D2 - centre: !!opencv-matrix
   rows: 1
   cols: 5
   dt: d
   data: [ 6.3698868728409089e-02, -7.6561304532719573e-02,
       1.0718042233318955e-03, -4.2401436509151577e-03,
       7.7208952615222579e-02 ]
Reprojection error - centre: 1.5733283447875049e-01
